A = [2.2 1; 0 1.2]

A =

    2.2000    1.0000
         0    1.2000

w0 = [0; -0.2]

w0 =

         0
   -0.2000

A\w0

ans =

    0.0758
   -0.1667

  