  function [ pG ] = partionalcontgrad() 
pG(1) = -2; 
pG(2) = -1.99005; 
pG(3) = -1.98021; 
pG(4) = -1.97047; 
pG(5) = -1.96085; 
pG(6) = -1.95135; 
pG(7) = -1.94198; 
pG(8) = -1.93274; 
pG(9) = -1.92363; 
pG(10) = -1.91467; 
pG(11) = -1.90585; 
pG(12) = -1.89718; 
pG(13) = -1.88867; 
pG(14) = -1.88032; 
pG(15) = -1.87214; 
pG(16) = -1.86413; 
pG(17) = -1.8563; 
pG(18) = -1.84865; 
pG(19) = -1.84119; 
pG(20) = -1.83393; 
pG(21) = -1.82687; 
pG(22) = -1.82001; 
pG(23) = -1.81336; 
pG(24) = -1.80693; 
pG(25) = -1.80073; 
pG(26) = -1.79475; 
pG(27) = -1.78901; 
pG(28) = -1.78351; 
pG(29) = -1.77825; 
pG(30) = -1.77324; 
pG(31) = -1.76849; 
pG(32) = -1.76401; 
pG(33) = -1.75979; 
pG(34) = -1.75585; 
pG(35) = -1.75219; 
pG(36) = -1.74882; 
pG(37) = -1.74573; 
pG(38) = -1.74295; 
pG(39) = -1.74048; 
pG(40) = -1.73831; 
pG(41) = -1.73646; 
pG(42) = -1.73493; 
pG(43) = -1.73373; 
pG(44) = -1.73287; 
pG(45) = -1.73235; 
pG(46) = -1.73217; 
pG(47) = -1.73236; 
pG(48) = -1.7329; 
pG(49) = -1.73381; 
pG(50) = -1.73509; 
pG(51) = -1.73675; 
pG(52) = -1.7388; 
pG(53) = -1.74124; 
pG(54) = -1.74407; 
pG(55) = -1.74732; 
pG(56) = -1.75097; 
pG(57) = -1.75504; 
pG(58) = -1.75954; 
pG(59) = -1.76447; 
pG(60) = -1.76984; 
pG(61) = -1.77565; 
pG(62) = -1.78191; 
pG(63) = -1.78863; 
pG(64) = -1.79582; 
pG(65) = -1.80347; 
pG(66) = -1.81161; 
pG(67) = -1.82023; 
pG(68) = -1.82934; 
pG(69) = -1.83895; 
pG(70) = -1.84907; 
pG(71) = -1.8597; 
pG(72) = -1.87084; 
pG(73) = -1.88252; 
pG(74) = -1.89473; 
pG(75) = -1.90748; 
pG(76) = -1.92077; 
pG(77) = -1.93463; 
pG(78) = -1.94904; 
pG(79) = -1.96402; 
pG(80) = -1.97958; 
pG(81) = -1.99572; 
pG(82) = -2.01246; 
pG(83) = -2.02979; 
pG(84) = -2.04772; 
pG(85) = -2.06627; 
pG(86) = -2.08544; 
pG(87) = -2.10523; 
pG(88) = -2.12566; 
pG(89) = -2.14674; 
pG(90) = -2.16846; 
pG(91) = -2.19084; 
pG(92) = -2.21388; 
pG(93) = -2.2376; 
pG(94) = -2.262; 
pG(95) = -2.28708; 
pG(96) = -2.31286; 
pG(97) = -2.33934; 
pG(98) = -2.36653; 
pG(99) = -2.39445; 
pG(100) = -2.42308; 
pG(101) = -2.45246; 
pG(102) = -2.48257; 
pG(103) = -2.51344; 
pG(104) = -2.54506; 
pG(105) = -2.57745; 
pG(106) = -2.61061; 
pG(107) = -2.64455; 
pG(108) = -2.67928; 
pG(109) = -2.71482; 
pG(110) = -2.75116; 
pG(111) = -2.78831; 
pG(112) = -2.82629; 
pG(113) = -2.8651; 
pG(114) = -2.90474; 
pG(115) = -2.94524; 
pG(116) = -2.98659; 
pG(117) = -3.0288; 
pG(118) = -3.07189; 
pG(119) = -3.11586; 
pG(120) = -3.16072; 
pG(121) = -3.20648; 
pG(122) = -3.25315; 
pG(123) = -3.30073; 
pG(124) = -3.34924; 
pG(125) = -3.39868; 
pG(126) = -3.44906; 
pG(127) = -3.50039; 
pG(128) = -3.55269; 
pG(129) = -3.60595; 
pG(130) = -3.6602; 
pG(131) = -3.71542; 
pG(132) = -3.77165; 
pG(133) = -3.82888; 
pG(134) = -3.88712; 
pG(135) = -3.94639; 
pG(136) = -4.0067; 
pG(137) = -4.06804; 
pG(138) = -4.13043; 
pG(139) = -4.19389; 
pG(140) = -4.25842; 
pG(141) = -4.32402; 
pG(142) = -4.39072; 
pG(143) = -4.45852; 
pG(144) = -4.52742; 
pG(145) = -4.59745; 
pG(146) = -4.6686; 
pG(147) = -4.74089; 
pG(148) = -4.81433; 
pG(149) = -4.88893; 
pG(150) = -4.96469; 
pG(151) = -5.04164; 
pG(152) = -5.11977; 
pG(153) = -5.1991; 
pG(154) = -5.27964; 
pG(155) = -5.3614; 
pG(156) = -5.44439; 
pG(157) = -5.52862; 
pG(158) = -5.6141; 
pG(159) = -5.70084; 
pG(160) = -5.78886; 
pG(161) = -5.87815; 
pG(162) = -5.96874; 
pG(163) = -6.06063; 
pG(164) = -6.15385; 
pG(165) = -6.24838; 
pG(166) = -6.34425; 
pG(167) = -6.44147; 
pG(168) = -6.54006; 
pG(169) = -6.64001; 
pG(170) = -6.74134; 
pG(171) = -6.84406; 
pG(172) = -6.9482; 
pG(173) = -7.05374; 
pG(174) = -7.16072; 
pG(175) = -7.26914; 
pG(176) = -7.37901; 
pG(177) = -7.49035; 
pG(178) = -7.60316; 
pG(179) = -7.71745; 
pG(180) = -7.83325; 
pG(181) = -7.95056; 
pG(182) = -8.06939; 
pG(183) = -8.18977; 
pG(184) = -8.31169; 
pG(185) = -8.43517; 
pG(186) = -8.56024; 
pG(187) = -8.68688; 
pG(188) = -8.81513; 
pG(189) = -8.94499; 
pG(190) = -9.07648; 
pG(191) = -9.20961; 
pG(192) = -9.34439; 
pG(193) = -9.48084; 
pG(194) = -9.61897; 
pG(195) = -9.7588; 
pG(196) = -9.90033; 
pG(197) = -10.0436; 
pG(198) = -10.1886; 
pG(199) = -10.3353; 
pG(200) = -10.4838; 
pG(201) = -10.6341; 
pG(202) = -10.7862; 
pG(203) = -10.94; 
pG(204) = -11.0957; 
pG(205) = -11.2533; 
pG(206) = -11.4127; 
pG(207) = -11.5739; 
pG(208) = -11.737; 
pG(209) = -11.9021; 
pG(210) = -12.069; 
pG(211) = -12.2379; 
pG(212) = -12.4087; 
pG(213) = -12.5815; 
pG(214) = -12.7562; 
pG(215) = -12.9329; 
pG(216) = -13.1117; 
pG(217) = -13.2924; 
pG(218) = -13.4752; 
pG(219) = -13.6601; 
pG(220) = -13.847; 
pG(221) = -14.0361; 
pG(222) = -14.2272; 
pG(223) = -14.4204; 
pG(224) = -14.6158; 
pG(225) = -14.8134; 
pG(226) = -15.0131; 
pG(227) = -15.215; 
pG(228) = -15.4191; 
pG(229) = -15.6255; 
pG(230) = -15.8341; 
pG(231) = -16.045; 
pG(232) = -16.2581; 
pG(233) = -16.4736; 
pG(234) = -16.6914; 
pG(235) = -16.9115; 
pG(236) = -17.134; 
pG(237) = -17.3589; 
pG(238) = -17.5862; 
pG(239) = -17.8159; 
pG(240) = -18.048; 
pG(241) = -18.2826; 
pG(242) = -18.5197; 
pG(243) = -18.7592; 
pG(244) = -19.0013; 
pG(245) = -19.246; 
pG(246) = -19.4932; 
pG(247) = -19.743; 
pG(248) = -19.9954; 
pG(249) = -20.2504; 
pG(250) = -20.5081; 
pG(251) = -20.7684; 
pG(252) = -21.0315; 
pG(253) = -21.2973; 
pG(254) = -21.5658; 
pG(255) = -21.8371; 
pG(256) = -22.1111; 
pG(257) = -22.388; 
pG(258) = -22.6677; 
pG(259) = -22.9503; 
pG(260) = -23.2357; 
pG(261) = -23.5241; 
pG(262) = -23.8154; 
pG(263) = -24.1097; 
pG(264) = -24.4069; 
pG(265) = -24.7071; 
pG(266) = -25.0104; 
pG(267) = -25.3168; 
pG(268) = -25.6262; 
pG(269) = -25.9387; 
pG(270) = -26.2544; 
pG(271) = -26.5733; 
pG(272) = -26.8953; 
pG(273) = -27.2206; 
pG(274) = -27.5491; 
pG(275) = -27.8809; 
pG(276) = -28.216; 
pG(277) = -28.5544; 
pG(278) = -28.8962; 
pG(279) = -29.2414; 
pG(280) = -29.5901; 
pG(281) = -29.9421; 
pG(282) = -30.2977; 
pG(283) = -30.6568; 
pG(284) = -31.0194; 
pG(285) = -31.3856; 
pG(286) = -31.7554; 
pG(287) = -32.1288; 
pG(288) = -32.5059; 
pG(289) = -32.8867; 
pG(290) = -33.2713; 
pG(291) = -33.6596; 
pG(292) = -34.0517; 
pG(293) = -34.4477; 
pG(294) = -34.8475; 
pG(295) = -35.2513; 
pG(296) = -35.659; 
pG(297) = -36.0706; 
pG(298) = -36.4863; 
pG(299) = -36.906; 
pG(300) = -37.3298; 
pG(301) = -37.7577; 
end 
