function[result] = V0file()
result(1) = 0.0396617;
result(2) = 0.0447287;
result(3) = 0.0497973;
result(4) = 0.054867;
result(5) = 0.0599374;
result(6) = 0.0650081;
result(7) = 0.0700787;
result(8) = 0.0751486;
result(9) = 0.0802176;
result(10) = 0.0852852;
result(11) = 0.090351;
result(12) = 0.0954143;
result(13) = 0.100475;
result(14) = 0.105533;
result(15) = 0.110587;
result(16) = 0.115638;
result(17) = 0.120683;
result(18) = 0.125725;
result(19) = 0.130761;
result(20) = 0.135791;
result(21) = 0.140816;
result(22) = 0.145834;
result(23) = 0.150846;
result(24) = 0.15585;
result(25) = 0.160847;
result(26) = 0.165835;
result(27) = 0.170816;
result(28) = 0.175787;
result(29) = 0.180749;
result(30) = 0.185702;
result(31) = 0.190645;
result(32) = 0.195577;
result(33) = 0.200499;
result(34) = 0.20541;
result(35) = 0.210309;
result(36) = 0.215196;
result(37) = 0.220071;
result(38) = 0.224933;
result(39) = 0.229783;
result(40) = 0.234619;
result(41) = 0.239441;
result(42) = 0.244249;
result(43) = 0.249043;
result(44) = 0.253822;
result(45) = 0.258586;
result(46) = 0.263334;
result(47) = 0.268067;
result(48) = 0.272783;
result(49) = 0.277482;
result(50) = 0.282165;
result(51) = 0.286831;
result(52) = 0.291478;
result(53) = 0.296108;
result(54) = 0.30072;
result(55) = 0.305313;
result(56) = 0.309887;
result(57) = 0.314442;
result(58) = 0.318978;
result(59) = 0.323493;
result(60) = 0.327989;
result(61) = 0.332463;
result(62) = 0.336918;
result(63) = 0.341351;
result(64) = 0.345763;
result(65) = 0.350152;
result(66) = 0.354521;
result(67) = 0.358867;
result(68) = 0.36319;
result(69) = 0.36749;
result(70) = 0.371768;
result(71) = 0.376022;
result(72) = 0.380253;
result(73) = 0.384459;
result(74) = 0.388642;
result(75) = 0.3928;
result(76) = 0.396933;
result(77) = 0.401042;
result(78) = 0.405125;
result(79) = 0.409183;
result(80) = 0.413216;
result(81) = 0.417223;
result(82) = 0.421203;
result(83) = 0.425158;
result(84) = 0.429085;
result(85) = 0.432987;
result(86) = 0.436861;
result(87) = 0.440708;
result(88) = 0.444528;
result(89) = 0.44832;
result(90) = 0.452085;
result(91) = 0.455822;
result(92) = 0.459531;
result(93) = 0.463211;
result(94) = 0.466863;
result(95) = 0.470486;
result(96) = 0.474082;
result(97) = 0.477647;
result(98) = 0.481184;
result(99) = 0.484692;
result(100) = 0.48817;
result(101) = 0.491619;
result(102) = 0.495039;
result(103) = 0.498428;
result(104) = 0.501788;
result(105) = 0.505118;
result(106) = 0.508418;
result(107) = 0.511687;
result(108) = 0.514927;
result(109) = 0.518136;
result(110) = 0.521315;
result(111) = 0.524463;
result(112) = 0.52758;
result(113) = 0.530667;
result(114) = 0.533723;
result(115) = 0.536748;
result(116) = 0.539743;
result(117) = 0.542707;
result(118) = 0.545639;
result(119) = 0.548541;
result(120) = 0.551411;
result(121) = 0.554251;
result(122) = 0.557059;
result(123) = 0.559837;
result(124) = 0.562583;
result(125) = 0.565298;
result(126) = 0.567983;
result(127) = 0.570635;
result(128) = 0.573257;
result(129) = 0.575848;
result(130) = 0.578408;
result(131) = 0.580937;
result(132) = 0.583435;
result(133) = 0.585901;
result(134) = 0.588337;
result(135) = 0.590743;
result(136) = 0.593117;
result(137) = 0.595461;
result(138) = 0.597774;
result(139) = 0.600057;
result(140) = 0.602309;
result(141) = 0.604531;
result(142) = 0.606722;
result(143) = 0.608883;
result(144) = 0.611015;
result(145) = 0.613116;
result(146) = 0.615187;
result(147) = 0.617229;
result(148) = 0.619241;
result(149) = 0.621224;
result(150) = 0.623178;
result(151) = 0.625102;
result(152) = 0.626998;
result(153) = 0.628865;
result(154) = 0.630703;
result(155) = 0.632513;
result(156) = 0.634294;
result(157) = 0.636048;
result(158) = 0.637774;
result(159) = 0.639472;
result(160) = 0.641142;
result(161) = 0.642786;
result(162) = 0.644402;
result(163) = 0.645992;
result(164) = 0.647555;
result(165) = 0.649092;
result(166) = 0.650603;
result(167) = 0.652088;
result(168) = 0.653547;
result(169) = 0.654982;
result(170) = 0.656392;
result(171) = 0.657777;
result(172) = 0.659138;
result(173) = 0.660474;
result(174) = 0.661787;
result(175) = 0.663076;
result(176) = 0.664343;
result(177) = 0.665586;
result(178) = 0.666807;
result(179) = 0.668007;
result(180) = 0.669184;
result(181) = 0.67034;
result(182) = 0.671475;
result(183) = 0.672589;
result(184) = 0.673683;
result(185) = 0.674757;
result(186) = 0.675811;
result(187) = 0.676847;
result(188) = 0.677864;
result(189) = 0.678862;
result(190) = 0.679843;
result(191) = 0.680806;
result(192) = 0.681752;
result(193) = 0.682681;
result(194) = 0.683594;
result(195) = 0.684492;
result(196) = 0.685375;
result(197) = 0.686242;
result(198) = 0.687096;
result(199) = 0.687935;
result(200) = 0.688761;
result(201) = 0.689574;
result(202) = 0.690376;
result(203) = 0.691165;
result(204) = 0.691943;
result(205) = 0.69271;
result(206) = 0.693467;
result(207) = 0.694214;
result(208) = 0.694952;
result(209) = 0.695681;
result(210) = 0.696403;
result(211) = 0.697116;
result(212) = 0.697823;
result(213) = 0.698524;
result(214) = 0.699219;
result(215) = 0.699908;
result(216) = 0.700594;
result(217) = 0.701275;
result(218) = 0.701953;
result(219) = 0.702628;
result(220) = 0.703301;
result(221) = 0.703972;
result(222) = 0.704643;
result(223) = 0.705314;
result(224) = 0.705985;
result(225) = 0.706658;
result(226) = 0.707332;
result(227) = 0.708009;
result(228) = 0.708689;
result(229) = 0.709373;
result(230) = 0.710062;
result(231) = 0.710756;
result(232) = 0.711456;
result(233) = 0.712162;
result(234) = 0.712877;
result(235) = 0.7136;
result(236) = 0.714331;
result(237) = 0.715073;
result(238) = 0.715824;
result(239) = 0.716588;
result(240) = 0.717363;
result(241) = 0.718151;
result(242) = 0.718953;
result(243) = 0.719769;
result(244) = 0.7206;
result(245) = 0.721448;
result(246) = 0.722312;
result(247) = 0.723194;
result(248) = 0.724095;
result(249) = 0.725015;
result(250) = 0.725955;
result(251) = 0.726916;
result(252) = 0.7279;
result(253) = 0.728906;
result(254) = 0.729936;
result(255) = 0.73099;
result(256) = 0.73207;
result(257) = 0.733176;
result(258) = 0.73431;
result(259) = 0.735472;
result(260) = 0.736663;
result(261) = 0.737884;
result(262) = 0.739136;
result(263) = 0.740421;
result(264) = 0.741738;
result(265) = 0.743089;
result(266) = 0.744474;
result(267) = 0.745896;
result(268) = 0.747355;
result(269) = 0.748851;
result(270) = 0.750386;
result(271) = 0.751961;
result(272) = 0.753577;
result(273) = 0.755234;
result(274) = 0.756935;
result(275) = 0.75868;
result(276) = 0.760469;
result(277) = 0.762305;
result(278) = 0.764188;
result(279) = 0.766118;
result(280) = 0.768099;
result(281) = 0.770129;
result(282) = 0.772211;
result(283) = 0.774346;
result(284) = 0.776534;
result(285) = 0.778777;
result(286) = 0.781076;
result(287) = 0.783432;
result(288) = 0.785846;
result(289) = 0.78832;
result(290) = 0.790854;
result(291) = 0.793449;
result(292) = 0.796108;
result(293) = 0.79883;
result(294) = 0.801618;
result(295) = 0.804472;
result(296) = 0.807394;
result(297) = 0.810384;
result(298) = 0.813445;
result(299) = 0.816577;
result(300) = 0.819781;
result(301) = 0.82306;
end
