function[result] = Vkfile()
result(1) = 0;
result(2) = 0.001;
result(3) = 0.002;
result(4) = 0.003;
result(5) = 0.00399999;
result(6) = 0.00499998;
result(7) = 0.00599996;
result(8) = 0.00699994;
result(9) = 0.00799991;
result(10) = 0.00899988;
result(11) = 0.00999983;
result(12) = 0.0109998;
result(13) = 0.0119997;
result(14) = 0.0129996;
result(15) = 0.0139995;
result(16) = 0.0149994;
result(17) = 0.0159993;
result(18) = 0.0169992;
result(19) = 0.017999;
result(20) = 0.0189989;
result(21) = 0.0199987;
result(22) = 0.0209985;
result(23) = 0.0219982;
result(24) = 0.022998;
result(25) = 0.0239977;
result(26) = 0.0249974;
result(27) = 0.0259971;
result(28) = 0.0269967;
result(29) = 0.0279963;
result(30) = 0.0289959;
result(31) = 0.0299955;
result(32) = 0.030995;
result(33) = 0.0319945;
result(34) = 0.032994;
result(35) = 0.0339934;
result(36) = 0.0349929;
result(37) = 0.0359922;
result(38) = 0.0369916;
result(39) = 0.0379909;
result(40) = 0.0389901;
result(41) = 0.0399893;
result(42) = 0.0409885;
result(43) = 0.0419877;
result(44) = 0.0429868;
result(45) = 0.0439858;
result(46) = 0.0449848;
result(47) = 0.0459838;
result(48) = 0.0469827;
result(49) = 0.0479816;
result(50) = 0.0489804;
result(51) = 0.0499792;
result(52) = 0.0509779;
result(53) = 0.0519766;
result(54) = 0.0529752;
result(55) = 0.0539738;
result(56) = 0.0549723;
result(57) = 0.0559707;
result(58) = 0.0569691;
result(59) = 0.0579675;
result(60) = 0.0589658;
result(61) = 0.059964;
result(62) = 0.0609622;
result(63) = 0.0619603;
result(64) = 0.0629583;
result(65) = 0.0639563;
result(66) = 0.0649542;
result(67) = 0.0659521;
result(68) = 0.0669499;
result(69) = 0.0679476;
result(70) = 0.0689453;
result(71) = 0.0699428;
result(72) = 0.0709404;
result(73) = 0.0719378;
result(74) = 0.0729352;
result(75) = 0.0739325;
result(76) = 0.0749297;
result(77) = 0.0759269;
result(78) = 0.0769239;
result(79) = 0.0779209;
result(80) = 0.0789179;
result(81) = 0.0799147;
result(82) = 0.0809115;
result(83) = 0.0819081;
result(84) = 0.0829047;
result(85) = 0.0839013;
result(86) = 0.0848977;
result(87) = 0.085894;
result(88) = 0.0868903;
result(89) = 0.0878865;
result(90) = 0.0888826;
result(91) = 0.0898785;
result(92) = 0.0908745;
result(93) = 0.0918703;
result(94) = 0.092866;
result(95) = 0.0938616;
result(96) = 0.0948572;
result(97) = 0.0958526;
result(98) = 0.096848;
result(99) = 0.0978432;
result(100) = 0.0988384;
result(101) = 0.0998334;
result(102) = 0.100828;
result(103) = 0.101823;
result(104) = 0.102818;
result(105) = 0.103813;
result(106) = 0.104807;
result(107) = 0.105802;
result(108) = 0.106796;
result(109) = 0.10779;
result(110) = 0.108784;
result(111) = 0.109778;
result(112) = 0.110772;
result(113) = 0.111766;
result(114) = 0.11276;
result(115) = 0.113753;
result(116) = 0.114747;
result(117) = 0.11574;
result(118) = 0.116733;
result(119) = 0.117726;
result(120) = 0.118719;
result(121) = 0.119712;
result(122) = 0.120705;
result(123) = 0.121698;
result(124) = 0.12269;
result(125) = 0.123682;
result(126) = 0.124675;
result(127) = 0.125667;
result(128) = 0.126659;
result(129) = 0.127651;
result(130) = 0.128643;
result(131) = 0.129634;
result(132) = 0.130626;
result(133) = 0.131617;
result(134) = 0.132608;
result(135) = 0.133599;
result(136) = 0.13459;
result(137) = 0.135581;
result(138) = 0.136572;
result(139) = 0.137562;
result(140) = 0.138553;
result(141) = 0.139543;
result(142) = 0.140533;
result(143) = 0.141523;
result(144) = 0.142513;
result(145) = 0.143503;
result(146) = 0.144492;
result(147) = 0.145482;
result(148) = 0.146471;
result(149) = 0.14746;
result(150) = 0.148449;
result(151) = 0.149438;
result(152) = 0.150427;
result(153) = 0.151415;
result(154) = 0.152404;
result(155) = 0.153392;
result(156) = 0.15438;
result(157) = 0.155368;
result(158) = 0.156356;
result(159) = 0.157343;
result(160) = 0.158331;
result(161) = 0.159318;
result(162) = 0.160305;
result(163) = 0.161292;
result(164) = 0.162279;
result(165) = 0.163266;
result(166) = 0.164252;
result(167) = 0.165239;
result(168) = 0.166225;
result(169) = 0.167211;
result(170) = 0.168197;
result(171) = 0.169182;
result(172) = 0.170168;
result(173) = 0.171153;
result(174) = 0.172138;
result(175) = 0.173123;
result(176) = 0.174108;
result(177) = 0.175093;
result(178) = 0.176077;
result(179) = 0.177062;
result(180) = 0.178046;
result(181) = 0.17903;
result(182) = 0.180013;
result(183) = 0.180997;
result(184) = 0.18198;
result(185) = 0.182964;
result(186) = 0.183947;
result(187) = 0.184929;
result(188) = 0.185912;
result(189) = 0.186895;
result(190) = 0.187877;
result(191) = 0.188859;
result(192) = 0.189841;
result(193) = 0.190823;
result(194) = 0.191804;
result(195) = 0.192785;
result(196) = 0.193767;
result(197) = 0.194747;
result(198) = 0.195728;
result(199) = 0.196709;
result(200) = 0.197689;
result(201) = 0.198669;
result(202) = 0.199649;
result(203) = 0.200629;
result(204) = 0.201609;
result(205) = 0.202588;
result(206) = 0.203567;
result(207) = 0.204546;
result(208) = 0.205525;
result(209) = 0.206503;
result(210) = 0.207482;
result(211) = 0.20846;
result(212) = 0.209438;
result(213) = 0.210416;
result(214) = 0.211393;
result(215) = 0.21237;
result(216) = 0.213347;
result(217) = 0.214324;
result(218) = 0.215301;
result(219) = 0.216277;
result(220) = 0.217254;
result(221) = 0.21823;
result(222) = 0.219205;
result(223) = 0.220181;
result(224) = 0.221156;
result(225) = 0.222131;
result(226) = 0.223106;
result(227) = 0.224081;
result(228) = 0.225056;
result(229) = 0.22603;
result(230) = 0.227004;
result(231) = 0.227978;
result(232) = 0.228951;
result(233) = 0.229924;
result(234) = 0.230897;
result(235) = 0.23187;
result(236) = 0.232843;
result(237) = 0.233815;
result(238) = 0.234788;
result(239) = 0.235759;
result(240) = 0.236731;
result(241) = 0.237703;
result(242) = 0.238674;
result(243) = 0.239645;
result(244) = 0.240616;
result(245) = 0.241586;
result(246) = 0.242556;
result(247) = 0.243526;
result(248) = 0.244496;
result(249) = 0.245466;
result(250) = 0.246435;
result(251) = 0.247404;
result(252) = 0.248373;
result(253) = 0.249341;
result(254) = 0.25031;
result(255) = 0.251278;
result(256) = 0.252245;
result(257) = 0.253213;
result(258) = 0.25418;
result(259) = 0.255147;
result(260) = 0.256114;
result(261) = 0.257081;
result(262) = 0.258047;
result(263) = 0.259013;
result(264) = 0.259979;
result(265) = 0.260944;
result(266) = 0.261909;
result(267) = 0.262874;
result(268) = 0.263839;
result(269) = 0.264803;
result(270) = 0.265768;
result(271) = 0.266731;
result(272) = 0.267695;
result(273) = 0.268658;
result(274) = 0.269622;
result(275) = 0.270584;
result(276) = 0.271547;
result(277) = 0.272509;
result(278) = 0.273471;
result(279) = 0.274433;
result(280) = 0.275394;
result(281) = 0.276356;
result(282) = 0.277317;
result(283) = 0.278277;
result(284) = 0.279238;
result(285) = 0.280198;
result(286) = 0.281157;
result(287) = 0.282117;
result(288) = 0.283076;
result(289) = 0.284035;
result(290) = 0.284994;
result(291) = 0.285952;
result(292) = 0.28691;
result(293) = 0.287868;
result(294) = 0.288826;
result(295) = 0.289783;
result(296) = 0.29074;
result(297) = 0.291697;
result(298) = 0.292653;
result(299) = 0.293609;
result(300) = 0.294565;
result(301) = 0.29552;
result(302) = 0.296475;
result(303) = 0.29743;
result(304) = 0.298385;
result(305) = 0.299339;
result(306) = 0.300293;
result(307) = 0.301247;
result(308) = 0.3022;
result(309) = 0.303153;
result(310) = 0.304106;
result(311) = 0.305059;
result(312) = 0.306011;
result(313) = 0.306963;
result(314) = 0.307914;
result(315) = 0.308866;
result(316) = 0.309816;
result(317) = 0.310767;
result(318) = 0.311717;
result(319) = 0.312667;
result(320) = 0.313617;
result(321) = 0.314567;
result(322) = 0.315516;
result(323) = 0.316464;
result(324) = 0.317413;
result(325) = 0.318361;
result(326) = 0.319309;
result(327) = 0.320256;
result(328) = 0.321203;
result(329) = 0.32215;
result(330) = 0.323097;
result(331) = 0.324043;
result(332) = 0.324989;
result(333) = 0.325934;
result(334) = 0.32688;
