function[result] = W0file()
result(1) = 1.000000;
result(2) = 1.010050;
result(3) = 1.020201;
result(4) = 1.030455;
result(5) = 1.040811;
result(6) = 1.051271;
result(7) = 1.061837;
result(8) = 1.072508;
result(9) = 1.083287;
result(10) = 1.094174;
result(11) = 1.105171;
result(12) = 1.116278;
result(13) = 1.127497;
result(14) = 1.138828;
result(15) = 1.150274;
result(16) = 1.161834;
result(17) = 1.173511;
result(18) = 1.185305;
result(19) = 1.197217;
result(20) = 1.209250;
result(21) = 1.221403;
result(22) = 1.233678;
result(23) = 1.246077;
result(24) = 1.258600;
result(25) = 1.271249;
result(26) = 1.284025;
result(27) = 1.296930;
result(28) = 1.309964;
result(29) = 1.323130;
result(30) = 1.336427;
result(31) = 1.349859;
result(32) = 1.363425;
result(33) = 1.377128;
result(34) = 1.390968;
result(35) = 1.404948;
result(36) = 1.419068;
result(37) = 1.433329;
result(38) = 1.447735;
result(39) = 1.462285;
result(40) = 1.476981;
result(41) = 1.491825;
result(42) = 1.506818;
result(43) = 1.521962;
result(44) = 1.537258;
result(45) = 1.552707;
result(46) = 1.568312;
result(47) = 1.584074;
result(48) = 1.599994;
result(49) = 1.616074;
result(50) = 1.632316;
result(51) = 1.648721;
result(52) = 1.665291;
result(53) = 1.682028;
result(54) = 1.698932;
result(55) = 1.716007;
result(56) = 1.733253;
result(57) = 1.750673;
result(58) = 1.768267;
result(59) = 1.786038;
result(60) = 1.803988;
result(61) = 1.822119;
result(62) = 1.840431;
result(63) = 1.858928;
result(64) = 1.877611;
result(65) = 1.896481;
result(66) = 1.915541;
result(67) = 1.934792;
result(68) = 1.954237;
result(69) = 1.973878;
result(70) = 1.993716;
result(71) = 2.013753;
result(72) = 2.033991;
result(73) = 2.054433;
result(74) = 2.075081;
result(75) = 2.095936;
result(76) = 2.117000;
result(77) = 2.138276;
result(78) = 2.159766;
result(79) = 2.181472;
result(80) = 2.203396;
result(81) = 2.225541;
result(82) = 2.247908;
result(83) = 2.270500;
result(84) = 2.293319;
result(85) = 2.316367;
result(86) = 2.339647;
result(87) = 2.363161;
result(88) = 2.386911;
result(89) = 2.410900;
result(90) = 2.435130;
result(91) = 2.459603;
result(92) = 2.484323;
result(93) = 2.509290;
result(94) = 2.534509;
result(95) = 2.559981;
result(96) = 2.585710;
result(97) = 2.611696;
result(98) = 2.637944;
result(99) = 2.664456;
result(100) = 2.691234;
result(101) = 2.718282;
result(102) = 2.745601;
result(103) = 2.773195;
result(104) = 2.801066;
result(105) = 2.829217;
result(106) = 2.857651;
result(107) = 2.886371;
result(108) = 2.915379;
result(109) = 2.944680;
result(110) = 2.974274;
result(111) = 3.004166;
result(112) = 3.034358;
result(113) = 3.064854;
result(114) = 3.095657;
result(115) = 3.126768;
result(116) = 3.158193;
result(117) = 3.189933;
result(118) = 3.221993;
result(119) = 3.254374;
result(120) = 3.287081;
result(121) = 3.320117;
result(122) = 3.353485;
result(123) = 3.387188;
result(124) = 3.421230;
result(125) = 3.455613;
result(126) = 3.490343;
result(127) = 3.525421;
result(128) = 3.560853;
result(129) = 3.596640;
result(130) = 3.632787;
result(131) = 3.669297;
result(132) = 3.706174;
result(133) = 3.743421;
result(134) = 3.781043;
result(135) = 3.819044;
result(136) = 3.857426;
result(137) = 3.896193;
result(138) = 3.935351;
result(139) = 3.974902;
result(140) = 4.014850;
result(141) = 4.055200;
result(142) = 4.095955;
result(143) = 4.137120;
result(144) = 4.178699;
result(145) = 4.220696;
result(146) = 4.263115;
result(147) = 4.305960;
result(148) = 4.349235;
result(149) = 4.392946;
result(150) = 4.437096;
result(151) = 4.481689;
result(152) = 4.526731;
result(153) = 4.572225;
result(154) = 4.618177;
result(155) = 4.664590;
result(156) = 4.711470;
result(157) = 4.758821;
result(158) = 4.806648;
result(159) = 4.854956;
result(160) = 4.903749;
result(161) = 4.953032;
result(162) = 5.002811;
result(163) = 5.053090;
result(164) = 5.103875;
result(165) = 5.155170;
result(166) = 5.206980;
result(167) = 5.259311;
result(168) = 5.312168;
result(169) = 5.365556;
result(170) = 5.419481;
result(171) = 5.473947;
result(172) = 5.528961;
result(173) = 5.584528;
result(174) = 5.640654;
result(175) = 5.697343;
result(176) = 5.754603;
result(177) = 5.812437;
result(178) = 5.870853;
result(179) = 5.929856;
result(180) = 5.989452;
result(181) = 6.049647;
result(182) = 6.110447;
result(183) = 6.171858;
result(184) = 6.233887;
result(185) = 6.296538;
result(186) = 6.359820;
result(187) = 6.423737;
result(188) = 6.488296;
result(189) = 6.553505;
result(190) = 6.619369;
result(191) = 6.685894;
result(192) = 6.753089;
result(193) = 6.820958;
result(194) = 6.889510;
result(195) = 6.958751;
result(196) = 7.028688;
result(197) = 7.099327;
result(198) = 7.170676;
result(199) = 7.242743;
result(200) = 7.315534;
result(201) = 7.389056;
result(202) = 7.463317;
result(203) = 7.538325;
result(204) = 7.614086;
result(205) = 7.690609;
result(206) = 7.767901;
result(207) = 7.845970;
result(208) = 7.924823;
result(209) = 8.004469;
result(210) = 8.084915;
result(211) = 8.166170;
result(212) = 8.248241;
result(213) = 8.331137;
result(214) = 8.414867;
result(215) = 8.499438;
result(216) = 8.584858;
result(217) = 8.671138;
result(218) = 8.758284;
result(219) = 8.846306;
result(220) = 8.935213;
result(221) = 9.025013;
result(222) = 9.115716;
result(223) = 9.207331;
result(224) = 9.299866;
result(225) = 9.393331;
result(226) = 9.487736;
result(227) = 9.583089;
result(228) = 9.679401;
result(229) = 9.776680;
result(230) = 9.874938;
result(231) = 9.974182;
result(232) = 10.074425;
result(233) = 10.175674;
result(234) = 10.277942;
result(235) = 10.381237;
result(236) = 10.485570;
result(237) = 10.590951;
result(238) = 10.697392;
result(239) = 10.804903;
result(240) = 10.913494;
result(241) = 11.023176;
result(242) = 11.133961;
result(243) = 11.245859;
result(244) = 11.358882;
result(245) = 11.473041;
result(246) = 11.588347;
result(247) = 11.704812;
result(248) = 11.822447;
result(249) = 11.941264;
result(250) = 12.061276;
result(251) = 12.182494;
result(252) = 12.304930;
result(253) = 12.428597;
result(254) = 12.553506;
result(255) = 12.679671;
result(256) = 12.807104;
result(257) = 12.935817;
result(258) = 13.065824;
result(259) = 13.197138;
result(260) = 13.329772;
result(261) = 13.463738;
result(262) = 13.599051;
result(263) = 13.735724;
result(264) = 13.873770;
result(265) = 14.013204;
result(266) = 14.154039;
result(267) = 14.296289;
result(268) = 14.439969;
result(269) = 14.585093;
result(270) = 14.731676;
result(271) = 14.879732;
result(272) = 15.029276;
result(273) = 15.180322;
result(274) = 15.332887;
result(275) = 15.486985;
result(276) = 15.642632;
result(277) = 15.799843;
result(278) = 15.958634;
result(279) = 16.119021;
result(280) = 16.281020;
result(281) = 16.444647;
result(282) = 16.609918;
result(283) = 16.776851;
result(284) = 16.945461;
result(285) = 17.115766;
result(286) = 17.287782;
result(287) = 17.461527;
result(288) = 17.637018;
result(289) = 17.814273;
result(290) = 17.993310;
result(291) = 18.174145;
result(292) = 18.356799;
result(293) = 18.541287;
result(294) = 18.727630;
result(295) = 18.915846;
result(296) = 19.105954;
result(297) = 19.297972;
result(298) = 19.491920;
result(299) = 19.687817;
result(300) = 19.885682;
result(301) = 20.085537;
end
